NGC5846_S1,226.616780,1.546110,1821,27,3.58
NGC5846_S2,226.616530,1.557890,1306,29,2.88
NGC5846_S3,226.573840,1.529840,1719,10,5.39
NGC5846_S4,226.563590,1.529620,1728,21,5.75
NGC5846_S5,226.568700,1.534220,1933,23,5.35
NGC5846_S6,226.565320,1.547010,1726,11,4.89
NGC5846_S7,226.600250,1.582210,1682,14,1.92
NGC5846_S8,226.611590,1.592070,1541,32,1.03
NGC5846_S9,226.573250,1.573120,1372,27,3.52
NGC5846_S10,226.541530,1.551200,1448,16,5.83
NGC5846_S11,226.551380,1.560320,1658,31,5.03
NGC5846_S12,226.648940,1.629220,1328,28,2.15
NGC5846_S13,226.565380,1.574250,905,21,3.88
NGC5846_S14,226.586500,1.591140,2021,18,2.30
NGC5846_S15,226.545500,1.568200,1730,18,5.11
NGC5846_S16,226.608760,1.617030,1506,11,1.05
NGC5846_S17,226.662390,1.655740,1409,15,3.86
NGC5846_S18,226.652470,1.654950,1466,21,3.48
NGC5846_S19,226.658910,1.659800,1582,17,3.93
NGC5846_S20,226.635340,1.645250,2257,30,2.51
NGC5846_S21,226.658010,1.662400,1716,24,4.03
NGC5846_S22,226.649820,1.658850,1629,10,3.60
NGC5846_S23,226.661250,1.666960,2036,12,4.37
NGC5846_S24,226.663860,1.673900,1417,20,4.80
NGC5846_S25,226.593710,1.629320,2166,12,2.21
NGC5846_S26,226.629340,1.660180,1548,10,3.30
NGC5846_S27,226.630000,1.662610,1450,18,3.45
NGC5846_S28,226.672380,1.694400,2211,29,6.12
NGC5846_S29,226.621120,1.660130,1749,28,3.27
NGC5846_S30,226.643960,1.680480,1925,14,4.68
NGC5846_S31,226.658230,1.704450,1649,23,6.31
NGC5846_S32,226.648730,1.706260,1455,12,6.25
NGC5846_S33,226.686090,1.733320,1379,25,8.57
NGC5846_S34,226.639440,1.701680,1881,31,5.86
NGC5846_S35,226.659960,1.722690,1424,17,7.38
NGC5846_S36,226.625990,1.702590,1300,11,5.82
NGC5846_S37,226.614050,1.709890,1506,20,6.27
NGC5846_S38,226.660290,1.747750,1793,15,8.83
NGC5846_S39,226.626000,1.604010,1740,16,0.26
NGC5846_S40,226.627020,1.611210,1788,40,0.45
NGC5846_S41,226.629440,1.625080,1710,22,1.25
NGC5846_S42,226.626090,1.624190,1910,23,1.14
NGC5846_S43,226.624710,1.622750,1773,25,1.04
NGC5846_S44,226.616710,1.623610,1601,16,1.13
NGC5846_S45,226.626350,1.596760,1969,10,0.59
NGC5846_S46,226.646930,1.632940,2012,45,2.22
NGC5846_S47,226.614780,1.582480,1538,21,1.45
NGC5846_S48,226.730480,1.607220,1703,26,6.51
NGC5846_S49,226.734520,1.622220,2110,15,6.82
NGC5846_S50,226.714100,1.616900,1721,48,5.56
NGC5846_S51,226.691670,1.602360,1962,10,4.18
NGC5846_S52,226.699730,1.612110,1960,12,4.68
NGC5846_S53,226.659590,1.606280,1878,24,2.25
NGC5846_S54,226.664600,1.613620,1599,29,2.60
NGC5846_S55,226.681090,1.626350,1901,25,3.75
NGC5846_S56,226.730940,1.662120,1487,21,7.36
NGC5846_S57,226.721140,1.659110,1809,23,6.76
NGC5846_S58,226.658630,1.645400,1559,14,3.24
NGC5846_S59,226.654880,1.655250,2339,22,3.57
NGC5846_S60,226.602400,1.621800,1948,12,1.53
NGC5846_S61,226.611380,1.629550,1770,19,1.57
NGC5846_S62,226.577110,1.620600,1596,20,2.84
NGC5846_S63,226.599830,1.638430,1463,54,2.38
NGC5846_S64,226.571910,1.640240,1959,17,3.65
NGC5846_S65,226.554180,1.635260,1802,14,4.44
NGC5846_S66,226.600070,1.674460,1233,22,4.33
NGC5846_S67,226.558500,1.649260,1688,18,4.62
NGC5846_S68,226.568460,1.658920,1498,31,4.53
NGC5846_S69,226.623150,1.600640,1974,19,0.31
NGC5846_S70,226.640230,1.606370,1722,18,1.09
NGC5846_S71,226.630150,1.605070,1696,34,0.49
NGC5846_S72,226.645640,1.511700,2020,23,5.81
NGC5846_S73,226.597480,1.496750,2055,37,6.70
NGC5846_S74,226.602570,1.502390,1849,16,6.30
NGC5846_S75,226.646110,1.538940,1812,54,4.25
NGC5846_S76,226.647160,1.540620,1743,12,4.18
NGC5846_S77,226.590580,1.503720,1698,15,6.40
NGC5846_S78,226.615350,1.521190,1562,27,5.08
NGC5846_S79,226.651970,1.547870,1865,19,3.90
NGC5846_S80,226.639550,1.542420,1666,16,3.94
NGC5846_S81,226.648830,1.563190,1258,17,3.01
NGC5846_S82,226.596210,1.532900,1534,29,4.63
NGC5846_S83,226.614200,1.556410,1728,16,2.99
NGC5846_S84,226.581610,1.544080,1667,15,4.42
NGC5846_S85,226.602300,1.567580,1445,28,2.57
NGC5846_S86,226.600170,1.571480,2004,12,2.43
NGC5846_S87,226.593710,1.568970,1680,7,2.78
NGC5846_S88,226.598280,1.578100,1736,20,2.18
NGC5846_S89,226.585640,1.574990,1878,7,2.85
NGC5846_S90,226.600620,1.596620,1845,16,1.39
NGC5846_S91,226.598600,1.608410,1627,12,1.41
NGC5846_S92,226.604420,1.612880,1262,8,1.14
NGC5846_S93,226.596860,1.613990,1875,9,1.59
NGC5846_S94,226.599620,1.624450,2002,9,1.76
NGC5846_S95,226.596550,1.641480,1992,13,2.64
NGC5846_S96,226.617530,1.656460,1487,22,3.06
NGC5846_S97,226.621500,1.673360,1570,14,4.06
NGC5846_S98,226.583220,1.649150,1614,19,3.50
NGC5846_S99,226.607770,1.666870,1761,10,3.77
NGC5846_S100,226.588760,1.661940,1653,21,3.92
NGC5846_S101,226.615250,1.687340,1746,19,4.92
NGC5846_S102,226.635890,1.705140,1922,12,6.03
NGC5846_S103,226.580030,1.667820,1610,15,4.50
NGC5846_S104,226.601130,1.684510,1941,17,4.90
NGC5846_S105,226.623070,1.701990,1805,23,5.78
NGC5846_S106,226.634740,1.715180,1806,18,6.62
NGC5846_S107,226.633840,1.731680,1494,8,7.60
NGC5846_S108,226.583220,1.713120,1600,10,6.86
NGC5846_S109,226.626370,1.743550,1512,56,8.28
NGC5846_S110,226.585110,1.718440,2198,39,7.12
NGC5846_S111,226.599880,1.730730,1829,6,7.62
NGC5846_S112,226.564040,1.706740,1334,18,6.99
NGC5846_S113,226.596520,1.733610,1765,24,7.83
NGC5846_S114,226.597040,1.745330,1576,16,8.52
NGC5846_S115,226.613150,1.623730,1738,32,1.21
NGC5846_S116,226.626320,1.595740,1617,25,0.65
NGC5846_S117,226.618170,1.587230,1495,14,1.13
NGC5846_S118,226.619960,1.589800,1621,20,0.96
NGC5846_S119,226.656090,1.617410,2061,9,2.16
NGC5846_S120,226.658130,1.623040,1678,17,2.40
NGC5846_S121,226.599460,1.589950,1374,27,1.65
NGC5846_S122,226.614420,1.600720,1905,7,0.54
NGC5846_S123,226.612800,1.599790,1803,16,0.65
NGC5846_S124,226.606000,1.618560,1717,21,1.23
NGC5846_S125,226.592860,1.616680,1655,23,1.87
NGC5846_S126,226.584140,1.626010,2261,23,2.58
NGC5846_S127,226.549460,1.610960,2050,22,4.36
NGC5846_S128,226.565570,1.624920,2088,15,3.58
NGC5846_S129,226.554010,1.620380,1828,24,4.17
NGC5846_S130,226.544130,1.625700,2061,16,4.82
NGC5846_S131,226.512940,1.609300,1867,15,6.55
NGC5846_S132,226.568890,1.649210,1509,22,4.12
NGC5846_S133,226.566600,1.648040,1572,38,4.19
NGC5846_S134,226.497690,1.602600,1851,26,7.46
NGC5846_S135,226.510670,1.615160,1516,17,6.70
NGC5846_S136,226.465260,1.593000,1991,27,9.43
NGC5846_S137,226.493090,1.620560,1328,25,7.78
NGC5846_S138,226.537430,1.659090,1728,11,6.00
NGC5846_S139,226.422080,1.588300,1466,77,12.04
NGC5846_S140,226.496060,1.640490,1767,16,7.84
NGC5846_S141,226.483710,1.632210,1410,9,8.45
NGC5846_S142,226.476540,1.651700,1928,21,9.15
NGC5846_S143,226.397150,1.621070,1506,56,13.52
NGC5846_S144,226.410080,1.630380,1944,20,12.80
NGC5846_S145,226.628000,1.618100,1432,9,0.83
NGC5846_S146,226.643250,1.622200,1553,19,1.62
NGC5846_S147,226.691810,1.535130,1268,17,5.95
NGC5846_S148,226.689880,1.540930,1839,21,5.62
NGC5846_S149,226.672540,1.552730,1444,19,4.39
NGC5846_S150,226.672740,1.561520,1727,31,4.03
NGC5846_S151,226.623460,1.552070,1646,12,3.21
NGC5846_S152,226.623890,1.555160,2328,17,3.03
NGC5846_S153,226.647520,1.574250,2051,15,2.43
NGC5846_S154,226.663670,1.594280,1407,18,2.59
NGC5846_S155,226.676090,1.606120,1892,18,3.24
NGC5846_S156,226.653710,1.598690,2180,16,1.95
NGC5846_S157,226.657590,1.609140,1908,25,2.14
NGC5846_S158,226.656010,1.611280,1728,34,2.07
NGC5846_S159,226.597800,1.624710,1775,18,1.85
NGC5846_S160,226.630590,1.653670,1899,20,2.93
NGC5846_S161,226.608960,1.666900,1625,33,3.76
NGC5846_S162,226.596020,1.669730,1427,15,4.15
NGC5846_S163,226.611640,1.688370,1128,20,5.00
NGC5846_S164,226.585890,1.672690,1860,16,4.57
NGC5846_S165,226.539520,1.718760,2111,23,8.40
NGC5846_S166,226.617810,1.488680,1581,9,7.02
NGC5846_S167,226.631020,1.510600,1502,14,5.73
NGC5846_S168,226.639860,1.525730,1716,16,4.91
NGC5846_S169,226.632210,1.521660,1801,23,5.07
NGC5846_S170,226.657430,1.551910,1856,12,3.86
NGC5846_S171,226.634280,1.540050,1652,15,4.00
NGC5846_S172,226.596730,1.526610,1717,30,4.98
NGC5846_S173,226.605120,1.551380,1764,36,3.41
NGC5846_S174,226.618830,1.563820,1839,10,2.52
NGC5846_S175,226.611520,1.583390,1668,45,1.48
NGC5846_S176,226.593600,1.575840,1532,14,2.47
NGC5846_S177,226.572300,1.586440,2301,17,3.20
NGC5846_S178,226.561750,1.579090,1728,23,3.95
NGC5846_S179,226.555240,1.579780,1312,24,4.29
NGC5846_S180,226.543740,1.573130,1373,18,5.08
NGC5846_S181,226.579460,1.599090,1921,15,2.58
NGC5846_S182,226.538320,1.570820,1586,13,5.44
NGC5846_S183,226.551900,1.593740,1791,13,4.27
NGC5846_S184,226.565310,1.623960,1647,26,3.57
NGC5846_S185,226.495430,1.590700,1828,24,7.64
NGC5846_S186,226.510320,1.603460,1451,19,6.70
NGC5846_S187,226.510750,1.623180,1931,22,6.76
NGC5846_S188,226.464390,1.630020,1609,7,9.57
NGC5846_S189,226.588880,1.676930,1906,11,4.72
NGC5846_S190,226.583530,1.678660,1679,5,4.95
NGC5846_S191,226.630350,1.637130,2179,8,1.96
NGC5846_S192,226.645458,1.626750,1353,33,1.89
NGC5846_S193,226.634958,1.642722,1825,30,2.36
NGC5846_S194,226.496000,1.647556,1994,36,7.97
NGC5846_S195,226.643417,1.612139,1889,47,1.34
NGC5846_S196,226.686667,1.625139,1955,27,4.05
NGC5846_S197,226.625417,1.632833,1597,26,1.65
NGC5846_S198,226.613833,1.628167,1720,28,1.44
NGC5846_S199,226.631333,1.615306,1707,36,0.81
NGC5846_S200,226.639583,1.582278,2000,16,1.75
NGC5846_S201,226.710375,1.579667,1968,39,5.52
NGC5846_S202,226.684000,1.591917,1834,28,3.81
NGC5846_S203,226.636292,1.614611,1488,24,1.01
NGC5846_S204,226.598125,1.596806,1445,21,1.53
NGC5846_S205,226.659000,1.575194,1631,23,2.87
NGC5846_S206,226.639125,1.587167,2128,21,1.51
NGC5846_S207,226.661042,1.575611,2157,20,2.95
NGC5846_S208,226.627625,1.628056,1964,13,1.39
NGC5846_S209,226.629708,1.629778,2063,17,1.52
NGC5846_S210,226.524500,1.623806,1623,14,5.95
NGC5846_S211,226.656375,1.573306,1678,10,2.83
